Calendar
2012
2013
2014
2015
2016
2017
2018
2019
2020
2021
Current
5-Yr
Index
Price/Sales
0.51
0.55
0.93
1.04
0.92
0.91
0.91
0.84
0.56
0.54
0.63
0.75
1.03
 Price/Earnings
26.90
29.03
24.40
40.75
16.98
144.75
20.82
18.48
9.93
28.52
6.31
328.38
12.80
 Price/Cash Flow
2.20
2.38
5.32
4.58
4.06
3.89
3.92
3.68
2.31
1.67
2.35
3.04
7.87
 Price/Book
0.90
0.97
1.41
1.37
1.22
1.27
1.24
1.15
0.81
0.84
0.77
1.03
1.48
Price/Forward Earnings
5.19
8.08
15.17
15.97
11.27
16.21
13.61
12.56
9.23
8.29
8.06
11.10
––
PEG Ratio
3.49
5.42
4.74
31.34
10.25
7.44
6.02
17.20
1.74
––
1.02
6.72
––
Earnings Yield %
3.72
3.44
4.10
2.45
5.89
0.69
4.80
5.41
10.07
3.51
15.85
6.52
––
Enterprise Value (Bil)
52.66
54.38
65.87
69.29
63.99
63.06
63.00
65.29
56.92
56.28
56.51
60.91
––
Enterprise Value/EBIT
12.73
13.15
13.39
15.43
14.12
18.72
13.19
13.29
9.89
34.59
8.36
16.07
––
Enterprise Value/EBITDA
5.03
5.20
5.99
6.55
5.70
6.20
5.37
5.18
4.01
5.49
3.66
5.01
––